3 
150 900 150 700 20 700
0 0 2 1 3 0 0 2 1 3
0 0 2 1 3 0 0 2 1 3
0 0 2 1 3 0 0 2 1 3
0 0 2 1 3 0 0 2 1 3
0 0 2 1 3 0 0 2 1 3
1 0 2 1 3 1 0 1 2 3
2 0 3 1 3 1 0 1 2 3
3 0 2 1 3 1 0 1 2 3
0 1 2 1 3 1 0 1 2 3
1 0 2 1 3 1 0 1 2 3
1 0 2 0 3 1 0 1 2 3
1 0 2 1 3 1 0 1 2 3
1 0 2 1 2 1 0 1 2 3
1 0 2 1 3 1 0 1 2 3
1 0 0 0 0 0 0 0 0 3
0 0 2 1 3 1 0 1 2 3
0 0 2 1 3 1 0 1 2 3
1 0 2 1 3 1 0 1 2 3
1 0 0 0 0 0 0 0 0 3
0 0 2 1 3 1 0 1 2 3
0 0 2 1 3 1 0 1 2 3
1 0 2 1 3 1 0 1 2 3
1 0 0 0 0 0 0 0 0 3
0 0 2 1 3 1 0 1 2 3
0 0 2 1 3 1 0 1 2 3